rn<-c(0,
      2,  
      13, 
      20, 
      24, 
      35, 
      45, 
      53, 
      64, 
      82, 
      86, 
      113,
      124,
      132,
      142,
      151,
      169,
      183,
      203,
      224,
      234,
      254,
      270,
      268,
      287,
      308,
      300,
      345,
      342,
      355,
      366,
      400,
      412,
      430,
      441,
      468,
      468,
      500,
      506,
      532,
      542,
      556,
      565,
      607,
      608,
      636,
      665,
      636,
      665,
      705,
      730,
      722,
      742,
      775,
      813,
      807,
      798,
      842,
      836,
      860,
      926,
      892,
      920,
      939,
      987,
      988,
      976,
      993,
      1064,
      1047,
      1047,
      1065,
      1099,
      1141,
      1133,
      1137,
      1189,
      1191,
      1197,
      1230,
      1263,
      1257,
      1276,
      1332,
      1304,
      1350,
      1373,
      1395,
      1393,
      1413,
      1421,
      1442,
      1448,
      1515,
      1526,
      1547,
      1557,
      1589,
      1580,
      1621,
      1615,
      1698,
      1667,
      1665,
      1719,
      1732,
      1767,
      1757,
      1777,
      1838,
      1841,
      1839,
      1858,
      1846,
      1885,
      1895,
      1957,
      1963,
      1972,
      2014,
      2016,
      2045,
      2102,
      2112,
      2081,
      2107,
      2135,
      2166,
      2167,
      2203,
      2209,
      2256,
      2206,
      2312,
      2286,
      2314,
      2337,
      2372,
      2378,
      2414,
      2416,
      2434,
      2448,
      2470,
      2516,
      2543,
      2551,
      2593,
      2569,
      2579,
      2635,
      2698,
      2689,
      2697,
      2728,
      2686,
      2760,
      2790,
      2737,
      2837,
      2850,
      2862,
      2864,
      2900,
      2956,
      2927,
      2957,
      2995,
      3039,
      2989,
      3044,
      3061,
      3115,
      3113,
      3123,
      3131,
      3191,
      3194,
      3184,
      3232,
      3263,
      3283,
      3241,
      3334,
      3347,
      3345,
      3390,
      3426,
      3462,
      3484,
      3450,
      3509,
      3479,
      3558,
      3572,
      3549,
      3594,
      3653,
      3646,
      3648,
      3653,
      3682,
      3722,
      3742,
      3774,
      3783,
      3764,
      3798,
      3831,
      3923,
      3838,
      3927,
      3916,
      3948,
      4018,
      4017,
      4047,
      4061,
      4060,
      4088,
      4092,
      4114,
      4111,
      4170,
      4212,
      4279,
      4219,
      4259,
      4296,
      4317,
      4328,
      4361,
      4401,
      4349,
      4421,
      4437,
      4498,
      4470,
      4492,
      4482,
      4505,
      4523,
      4640,
      4616,
      4691,
      4627,
      4659,
      4678,
      4734,
      4798,
      4752,
      4790,
      4825,
      4847,
      4841,
      4881,
      4903,
      4928,
      4923,
      4984,
      5020,
      5001,
      5106,
      5027,
      5073,
      5038,
      5081,
      5087,
      5153,
      5140,
      5262,
      5253,
      5274,
      5285,
      5304,
      5334,
      5311,
      5311,
      5402,
      5428,
      5465,
      5460,
      5489,
      5500,
      5462,
      5526,
      5547,
      5558,
      5599,
      5695,
      5602,
      5643,
      5675,
      5753,
      5720,
      5798,
      5799,
      5858,
      5799,
      5892,
      5841,
      5902,
      5865,
      5960,
      5995,
      6026,
      6013,
      6040,
      6085,
      6112,
      6102,
      6240,
      6200,
      6169,
      6205,
      6281,
      6275,
      6271,
      6279,
      6321,
      6327,
      6357,
      6407,
      6363,
      6390,
      6392,
      6407,
      6497,
      6477,
      6580,
      6547,
      6652,
      6634,
      6565,
      6645,
      6650,
      6701,
      6716,
      6712,
      6731,
      6779,
      6849,
      6821,
      6862,
      6870,
      6881,
      6926,
      6925,
      6918,
      7055,
      7128,
      7039,
      7051,
      7085,
      7072,
      7165,
      7154,
      7215,
      7196,
      7259,
      7237,
      7387,
      7314,
      7295,
      7391,
      7373,
      7373,
      7409,
      7455,
      7399,
      7496,
      7583,
      7552,
      7534,
      7594,
      7664,
      7623,
      7664,
      7688,
      7710,
      7647,
      7767,
      7739,
      7765,
      7801,
      7804,
      7871,
      7906,
      7899,
      7860,
      7972,
      7996,
      7978,
      8037,
      7976,
      8060,
      8089,
      8068,
      8177,
      8160,
      8242,
      8232,
      8230,
      8212,
      8281,
      8324,
      8317,
      8332,
      8422,
      8349,
      8410,
      8431,
      8501,
      8550,
      8581,
      8514,
      8538,
      8618,
      8589,
      8539,
      8669,
      8634,
      8692,
      8642,
      8703,
      8758,
      8812,
      8809,
      8785,
      8900,
      8894,
      8896,
      8960,
      9006,
      9013,
      8949,
      9110,
      9006,
      9054,
      9050,
      9197,
      9129,
      9150,
      9201,
      9230,
      9264,
      9272,
      9313,
      9313,
      9376,
      9483,
      9474,
      9433,
      9437,
      9436,
      9500,
      9489,
      9532,
      9598,
      9655,
      9574,
      9572,
      9565,
      9743,
      9678,
      9756,
      9775,
      9780,
      9773,
      9828,
      9813,
      9852,
      9832,
      9964,
      9934,
      9980,
      9925,
      10026,
      10045,
      10118,
      10137,
      10030,
      10075,
      10171,
      10160,
      10198,
      10216,
      10308,
      10284,
      10342,
      10356,
      10360,
      10380,
      10385,
      10414,
      10421,
      10450,
      10510,
      10501,
      10493,
      10611,
      10557,
      10576,
      10735,
      10654,
      10628,
      10773,
      10677,
      10726,
      10721,
      10742,
      10818,
      10818,
      10841,
      10835,
      10886,
      10984,
      10967,
      11094,
      11029,
      11063,
      11028,
      11089,
      11132,
      11216,
      11145,
      11168,
      11168,
      11278,
      11284,
      11242,
      11309,
      11351,
      11390,
      11384,
      11436,
      11433,
      11571,
      11461,
      11535,
      11589,
      11517,
      11625,
      11562,
      11669,
      11597,
      11719,
      11695,
      11738,
      11756,
      11849,
      11872,
      11812,
      11820,
      11818,
      11907,
      11877,
      12025,
      11960,
      11938,
      12009,
      12058,
      12041,
      12129,
      12159,
      12182,
      12124,
      12216,
      12197,
      12225,
      12317,
      12304,
      12231,
      12358,
      12365,
      12420,
      12431,
      12393,
      12375,
      12452,
      12497,
      12563,
      12560,
      12601,
      12654,
      12645,
      12613,
      12673,
      12749,
      12715,
      12763,
      12792,
      12727,
      12815,
      12886,
      12901,
      12866,
      12848,
      12934,
      12958,
      13031,
      13156,
      13061,
      13098,
      13060,
      13065,
      13093,
      13198,
      13166,
      13176,
      13248,
      13308,
      13350,
      13436,
      13344,
      13366,
      13368,
      13396,
      13401,
      13453,
      13479,
      13438,
      13535,
      13516,
      13507,
      13546,
      13651,
      13726,
      13594,
      13714,
      13766,
      13780,
      13849,
      13826,
      13719,
      14017,
      13842,
      13913,
      13965,
      13951,
      14009,
      14056,
      13990,
      14013,
      14042,
      14058,
      14152,
      14187,
      14135,
      14181,
      14265,
      14332,
      14375,
      14246,
      14277,
      14381,
      14367,
