avl<-c(0,
       4,
       15,
       23,
       39,
       54,
       70,
       82,
       102,
       122,
       142,
       161,
       181,
       201,
       221,
       237,
       261,
       285,
       309,
       333,
       357,
       381,
       405,
       428,
       452,
       476,
       500,
       524,
       548,
       572,
       596,
       616,
       644,
       672,
       700,
       728,
       756,
       784,
       812,
       840,
       868,
       896,
       924,
       952,
       980,
       1008,
       1036,
       1063,
       1091,
       1119,
       1147,
       1175,
       1203,
       1231,
       1259,
       1287,
       1315,
       1343,
       1371,
       1399,
       1427,
       1455,
       1483,
       1507,
       1539,
       1571,
       1603,
       1635,
       1667,
       1699,
       1731,
       1763,
       1795,
       1827,
       1859,
       1891,
       1923,
       1955,
       1987,
       2019,
       2051,
       2083,
       2115,
       2147,
       2179,
       2211,
       2243,
       2275,
       2307,
       2339,
       2371,
       2403,
       2435,
       2467,
       2499,
       2530,
       2562,
       2594,
       2626,
       2658,
       2690,
       2722,
       2754,
       2786,
       2818,
       2850,
       2882,
       2914,
       2946,
       2978,
       3010,
       3042,
       3074,
       3106,
       3138,
       3170,
       3202,
       3234,
       3266,
       3298,
       3330,
       3362,
       3394,
       3426,
       3458,
       3490,
       3522,
       3550,
       3586,
       3622,
       3658,
       3694,
       3730,
       3766,
       3802,
       3838,
       3874,
       3910,
       3946,
       3982,
       4018,
       4054,
       4090,
       4126,
       4162,
       4198,
       4234,
       4270,
       4306,
       4342,
       4378,
       4414,
       4450,
       4486,
       4522,
       4558,
       4594,
       4630,
       4666,
       4702,
       4738,
       4774,
       4810,
       4846,
       4882,
       4918,
       4954,
       4990,
       5026,
       5062,
       5098,
       5134,
       5170,
       5206,
       5242,
       5278,
       5314,
       5350,
       5386,
       5422,
       5458,
       5494,
       5530,
       5566,
       5602,
       5638,
       5674,
       5710,
       5746,
       5782,
       5818,
       5853,
       5889,
       5925,
       5961,
       5997,
       6033,
       6069,
       6105,
       6141,
       6177,
       6213,
       6249,
       6285,
       6321,
       6357,
       6393,
       6429,
       6465,
       6501,
       6537,
       6573,
       6609,
       6645,
       6681,
       6717,
       6753,
       6789,
       6825,
       6861,
       6897,
       6933,
       6969,
       7005,
       7041,
       7077,
       7113,
       7149,
       7185,
       7221,
       7257,
       7293,
       7329,
       7365,
       7401,
       7437,
       7473,
       7509,
       7545,
       7581,
       7617,
       7653,
       7689,
       7725,
       7761,
       7797,
       7833,
       7869,
       7905,
       7941,
       7977,
       8013,
       8049,
       8085,
       8121,
       8153,
       8193,
       8233,
       8273,
       8313,
       8353,
       8393,
       8433,
       8473,
       8513,
       8553,
       8593,
       8633,
       8673,
       8713,
       8753,
       8793,
       8833,
       8873,
       8913,
       8953,
       8993,
       9033,
       9073,
       9113,
       9153,
       9193,
       9233,
       9273,
       9313,
       9353,
       9393,
       9433,
       9473,
       9513,
       9553,
       9593,
       9633,
       9673,
       9713,
       9753,
       9793,
       9833,
       9873,
       9913,
       9953,
       9993,
       10033,
       10073,
       10113,
       10153,
       10193,
       10233,
       10273,
       10313,
       10353,
       10393,
       10433,
       10473,
       10513,
       10553,
       10593,
       10633,
       10673,
       10713,
       10753,
       10793,
       10833,
       10873,
       10913,
       10953,
       10993,
       11033,
       11073,
       11113,
       11153,
       11193,
       11233,
       11273,
       11313,
       11353,
       11393,
       11433,
       11473,
       11513,
       11553,
       11593,
       11633,
       11673,
       11713,
       11753,
       11793,
       11833,
       11873,
       11913,
       11953,
       11993,
       12033,
       12073,
       12113,
       12153,
       12193,
       12233,
       12273,
       12313,
       12353,
       12393,
       12433,
       12473,
       12513,
       12553,
       12593,
       12633,
       12673,
       12713,
       12753,
       12793,
       12833,
       12873,
       12913,
       12953,
       12993,
       13033,
       13073,
       13113,
       13153,
       13193,
       13233,
       13272,
       13312,
       13352,
       13392,
       13432,
       13472,
       13512,
       13552,
       13592,
       13632,
       13672,
       13712,
       13752,
       13792,
       13832,
       13872,
       13912,
       13952,
       13992,
       14032,
       14072,
       14112,
       14152,
       14192,
       14232,
       14272,
       14312,
       14352,
       14392,
       14432,
       14472,
       14512,
       14552,
       14592,
       14632,
       14672,
       14712,
       14752,
       14792,
       14832,
       14872,
       14912,
       14952,
       14992,
       15032,
       15072,
       15112,
       15152,
       15192,
       15232,
       15272,
       15312,
       15352,
       15392,
       15432,
       15472,
       15512,
       15552,
       15592,
       15632,
       15672,
       15712,
       15752,
       15792,
       15832,
       15872,
       15912,
       15952,
       15992,
       16032,
       16072,
       16112,
       16152,
       16192,
       16232,
       16272,
       16312,
       16352,
       16392,
       16432,
       16472,
       16512,
       16552,
       16592,
       16632,
       16672,
       16712,
       16752,
       16792,
       16832,
       16872,
       16912,
       16952,
       16992,
       17032,
       17072,
       17112,
       17152,
       17192,
       17232,
       17272,
       17312,
       17352,
       17392,
       17432,
       17472,
       17512,
       17552,
       17592,
       17632,
       17672,
       17712,
       17752,
       17792,
       17832,
       17872,
       17912,
       17952,
       17992,
       18032,
       18072,
       18112,
       18152,
       18192,
       18232,
       18272,
       18312,
       18352,
       18388,
       18432,
       18476,
       18520,
       18564,
       18608,
       18652,
       18696,
       18740,
       18784,
       18828,
       18872,
       18916,
       18960,
       19004,
       19048,
       19092,
       19136,
       19180,
       19224,
       19268,
       19312,
       19356,
       19400,
       19444,
       19488,
       19532,
       19576,
       19620,
       19664,
       19708,
       19752,
       19796,
       19840,
       19884,
       19928,
       19972,
       20016,
       20060,
       20104,
       20148,
       20192,
       20236,
       20280,
       20324,
       20368,
       20412,
       20456,
       20500,
       20544,
       20588,
       20632,
       20676,
       20720,
       20764,
       20808,
       20852,
       20896,
       20940,
       20984,
       21028,
       21072,
       21116,
       21160,
       21204,
       21248,
       21292,
       21336,
       21380,
       21424,
       21468,
       21512,
       21556,
       21600,
       21644,
       21688,
       21732,
       21776,
       21820,
       21864,
       21908,
       21952,
       21996,
       22040,
       22084,
